{
  "advancedEditorSelectedIdentifier" : "ProjectBrowser",
  "openSceneRelativePaths" : [
    "PortalBoxScene.usda"
  ],
  "recentIdentifiers" : {
    "0D0EB82D-9826-4283-80F0-B98A1027F2AA" : [

    ]
  },
  "sceneCameraHistory" : {
    "0D0EB82D-9826-4283-80F0-B98A1027F2AA" : [
      {
        "date" : 784400287.470378,
        "title" : "Untitled",
        "transform" : [
          0.8659525,
          9.263492e-09,
          -0.5001264,
          0,
          -0.20961818,
          0.90792596,
          -0.3629471,
          0,
          0.4540777,
          0.4191306,
          0.78622067,
          0,
          0.96608245,
          1.3866836,
          2.1092308,
          1
        ]
      },
      {
        "date" : 784400275.421477,
        "title" : "Untitled",
        "transform" : [
          0.8749977,
          5.984257e-09,
          -0.4841272,
          0,
          -0.26290464,
          0.8397011,
          -0.47516647,
          0,
          0.40652204,
          0.5430489,
          0.7347365,
          0,
          0.45316917,
          1.2034175,
          1.2793034,
          1
        ]
      },
      {
        "date" : 784400270.469593,
        "title" : "Untitled",
        "transform" : [
          0.8749977,
          5.984257e-09,
          -0.4841272,
          0,
          -0.26290464,
          0.8397011,
          -0.47516647,
          0,
          0.40652204,
          0.5430489,
          0.7347365,
          0,
          2.2560632,
          2.5339134,
          3.699072,
          1
        ]
      },
      {
        "date" : 784400258.487854,
        "title" : "Untitled",
        "transform" : [
          0.9834862,
          1.4192473e-08,
          -0.18098332,
          0,
          -0.13717861,
          0.6522975,
          -0.7454462,
          0,
          0.11805483,
          0.75796306,
          0.64152545,
          0,
          0.49269313,
          1.6643206,
          1.6649342,
          1
        ]
      },
      {
        "date" : 784400254.573731,
        "title" : "Untitled",
        "transform" : [
          0.4887412,
          1.6048155e-08,
          -0.87242883,
          0,
          -0.41946775,
          0.8768278,
          -0.23498906,
          0,
          0.7649697,
          0.48080462,
          0.4285419,
          0,
          1.4990938,
          1.1568443,
          1.0260551,
          1
        ]
      },
      {
        "date" : 784400249.890005,
        "title" : "Untitled",
        "transform" : [
          0.7225653,
          1.6176399e-08,
          -0.6913027,
          0,
          -0.26505667,
          0.92357564,
          -0.27704334,
          0,
          0.6384702,
          0.38341627,
          0.6673437,
          0,
          1.1986954,
          1.0048947,
          1.318836,
          1
        ]
      },
      {
        "date" : 784400238.052825,
        "title" : "Untitled",
        "transform" : [
          0.8958795,
          1.4735442e-08,
          -0.44429722,
          0,
          -0.12110445,
          0.9621344,
          -0.24419478,
          0,
          0.4274736,
          0.27257547,
          0.86195654,
          0,
          0.9456292,
          0.8755157,
          1.5363345,
          1
        ]
      },
      {
        "date" : 784400225.871189,
        "title" : "Untitled",
        "transform" : [
          0.9979672,
          1.4856702e-08,
          -0.063731454,
          0,
          -0.017766267,
          0.96035826,
          -0.27820203,
          0,
          0.061205015,
          0.27876875,
          0.958406,
          0,
          0.085433975,
          0.8899687,
          1.7410958,
          1
        ]
      },
      {
        "date" : 784400223.805409,
        "title" : "Untitled",
        "transform" : [
          0.92979985,
          1.4856702e-08,
          -0.36806563,
          0,
          -0.10260512,
          0.96035826,
          -0.25919914,
          0,
          0.35347486,
          0.27876875,
          0.89294094,
          0,
          0.4636109,
          0.8899687,
          1.6544188,
          1
        ]
      },
      {
        "date" : 784400215.138421,
        "title" : "Untitled",
        "transform" : [
          0.98974353,
          1.3697235e-08,
          -0.14285588,
          0,
          -0.062756434,
          0.8983407,
          -0.43479362,
          0,
          0.12833326,
          0.43929935,
          0.8891269,
          0,
          0.1716322,
          1.0974876,
          1.6459688,
          1
        ]
      }
    ]
  },
  "sceneViewportBackgroundColors" : {

  },
  "selectedSceneRelativePath" : "PortalBoxScene.usda"
}